NO CONTROL 
ATTITUDE
mean =

    0.1689    0.9254    0.1072   14.0318


variance =

    0.0020    0.0525    0.0492  367.5029


maximum =

    0.2217    0.9864    1.0000   76.1426
	
VELOCITY
mean =

    1.8519    0.3205


variance =

    7.0541    0.2229


maximum =

    9.8716    1.8027

ATTITUDE CONTROL CONTINUOUS NO TIME DELAY
mean =

    0.1922    0.9197    0.0820    0.3595


variance =

    0.0066    0.0522    0.0518    0.0646


maximum =

    0.4378    0.9935    1.0000    0.6687

	
ATTITUDE CONTROL CONTINUOUS NO TIME DELAY GAIN SCHEDULED

mean =

    0.1923    0.9196    0.0820    0.3595


variance =

    0.0066    0.0522    0.0518    0.0646


maximum =

    0.4380    0.9935    1.0000    0.6688

	
ATTITUDE CONTROL DISCRETE NO TIME DELAY

mean =

    0.1919    0.9195    0.0886    0.4057


variance =

    0.0066    0.0522    0.0511    0.0830


maximum =

    0.4390    0.9930    1.0000    0.7562
	
ATTITUDE CONROL DISCRETE NO TIME DELAY GAIN SCHEDULED

mean =

    0.1920    0.9195    0.0886    0.4057


variance =

    0.0066    0.0522    0.0511    0.0830


maximum =

    0.4393    0.9930    1.0000    0.7562

ATTITUDE CONTROL DISCRETE TIME DELAY

mean =

    0.1898    0.9201    0.0820    0.3843


variance =

    0.0060    0.0525    0.0521    0.0769


maximum =

    0.4241    0.9924    1.0000    0.7263

ATTITUDE CONTROL DISCRETE TIME DELAY GAIN SCHEDULED

mean =

    0.1899    0.9201    0.0821    0.3843


variance =

    0.0061    0.0525    0.0521    0.0769


maximum =

    0.4244    0.9924    1.0000    0.7264
	
ATTITUDE CONTROL CONTINUOUS TIME DELAY

mean =

    0.1898    0.9204    0.0697    0.3475


variance =

    0.0060    0.0525    0.0534    0.0627


maximum =

    0.4219    0.9927    1.0000    0.6599

ATTITUDE CONTROL CONTINUOUS TIME GAIN SCHEDULED

mean =

    0.1898    0.9204    0.0697    0.3475


variance =

    0.0060    0.0525    0.0534    0.0627


maximum =

    0.4221    0.9927    1.0000    0.6599
	
ATTITUDE CONTROL PID CONTINUOUS TIME DELAY

mean =

    0.1781    0.8700    0.3086    0.4808


variance =

    0.0039    0.0513    0.0609    0.1356


maximum =

    0.3280    0.9848    1.0000    1.1246
	
ATTITUDE CONTROL PID DISCRETE TIME DELAY 

mean =

    0.1233    0.6259    0.6265    0.9413


variance =

    0.0044    0.0912    0.1049    0.4676


maximum =

    0.2158    0.9841    1.0000    2.6143
	
ATTITUDE CONTOL MPC DISCRETE NO TIME DELAY

mean =

    0.1837    0.9227    0.0762    0.3963


variance =

    0.0045    0.0523    0.0523    0.0942


maximum =

    0.3611    0.9937    1.0000    0.8829

ATTITUDE CONTROL MPC DISCRETE TIME DELAY

mean =

    0.1843    0.9226    0.0645    0.6563


variance =

    0.0047    0.0523    0.0536    0.2548


maximum =

    0.3827    0.9919    1.0000    1.3588

VELOCITY CONTROL CONTINUOUS NO TIME DELAY

mean =

    0.0259    0.0067


variance =

   1.0e-03 *

    0.2106    0.0370


maximum =

    0.0443    0.0259

	
VELOCITY CONTROL DISCRETE NO TIME DELAY

mean =

    0.0272    0.0070


variance =

   1.0e-03 *

    0.2350    0.0405


maximum =

    0.0467    0.0262
	
VELOCITY CONTROL DISCRETE TIME DELAY GAIN SCHEDULED

mean =

    0.0224    0.0059


variance =

   1.0e-03 *

    0.1542    0.0294


maximum =

    0.0426    0.0231
	
VELOCITY CONTROL DISCRETE TIME DELAY

mean =

    0.0229    0.0059


variance =

   1.0e-03 *

    0.1602    0.0295


maximum =

    0.0383    0.0227

VELOCITY CONTROL CONTINUOUS TIME DELAY GAIN SCHEDULED

mean =

    0.0273    0.0070


variance =

   1.0e-03 *

    0.2320    0.0405


maximum =

    0.0470    0.0264
	
VELOCITY CONTROL CONTINUOUS TIME DELAY
	
mean =

    0.0280    0.0072


variance =

   1.0e-03 *

    0.2508    0.0429


maximum =

    0.0474    0.0270
